[[ 1.          0.          0.        ]
 [ 0.          0.97237446 -0.23342645]
 [ 0.          0.23342645  0.97237446]]
[0.0, 0.0, 3.0]
[[ 0.34546869 -0.14425036 -0.92727732]
 [-0.02392653  0.98644013 -0.16236805]
 [ 0.93812521  0.07827961  0.33733277]]
[0.5, 0.0, 3.0]
[[ 0.199365    0.13728501  0.97026101]
 [ 0.13728501  0.97645972 -0.16637081]
 [-0.97026101  0.16637081  0.17582472]]
[-0.3, 0.0, 3.0]
[[ 0.98470487 -0.05901358  0.16393203]
 [ 0.09573748  0.96938636 -0.2261071 ]
 [-0.14557008  0.23834321  0.96020928]]
[-0.1, 0.0, 3.0]
[[ 0.9388458  -0.05439779 -0.34001388]
 [-0.05439779  0.95161217 -0.30244861]
 [ 0.34001388  0.30244861  0.89045797]]
[0.3, 0.0, 3.0]
[[ 1.         -0.          0.        ]
 [ 0.         -0.38222569  0.924069  ]
 [-0.         -0.924069   -0.38222569]]
[0.0, 0.0, 3.0]
